-112.574 0.028316
-108.136 0.026826
-109.172 0.037258
-104.882 0.031297
-98.5207 0.035768
-99.5562 0.038748
-97.929 0.04769
-96.0059 0.0462
-90.8284 0.055142
-87.8698 0.055142
-84.1716 0.043219
-83.432 0.070045
-83.8757 0.053651
-75.8876 0.055142
-69.3787 0.053651
-69.6746 0.080477
-62.8698 0.064083
-55.3254 0.061103
-55.7692 0.081967
-50.8876 0.068554
-40.9763 0.053651
-41.8639 0.09538
-38.0178 0.074516
-31.9527 0.073025
-32.9882 0.081967
-28.5503 0.071535
-25.7396 0.071535
-27.071 0.083458
-28.8462 0.09687
-19.0828 0.074516
-20.5621 0.092399
-20.7101 0.078987
-15.3846 0.092399
-14.645 0.101341
-9.91124 0.105812
-8.28402 0.113264
-6.21302 0.108793
-13.6095 0.122206
-2.21893 0.156483
4.43787 0.156483
4.585799 0.128167
32.84024 0.129657
32.84024 0.147541
32.10059 0.125186
47.33728 0.180328
58.28402 0.290611
