0       0.04705 0.50844 2.17282 4.33835 5.32747 6.53702 7.22861
0.1     0.04203 0.48522 2.20236 4.81497 6.31733 8.40444 9.70939
0.2     0.03752 0.46106 2.20569 5.31426 7.67872 11.72318 14.74109
0.3     0.03346 0.43618 2.17064 5.63017 9.17537 16.10185 23.18699
0.4     0.02983 0.41080 2.08543 5.39512 9.57068 14.70545 19.22239
0.5     0.02657 0.38515 1.94286 4.44999 7.50326 7.90679 8.85274
0.6     0.02365 0.35948 1.74511 3.17596 4.37055 3.23343 2.99630
0.7     0.02103 0.33401 1.50626 2.04007 2.14290 1.27915 0.97281
0.8     0.01870 0.30897 1.24947 1.22409 0.98738 0.51187 0.31889
0.9     0.01661 0.28455 0.99954 0.70434 0.44233 0.20176 0.09491
1       0.01474 0.26095 0.77543 0.39386 0.18935 0.07527 0.02075
1.1     0.01307 0.23831 0.58690 0.21457 0.07343 0.02691 0.00325
1.2     0.01159 0.21675 0.43560 0.11343 0.02313 0.01306 0.00763
1.3     0.01026 0.19637 0.31820 0.05801 0.00486 0.01450 0.01985
1.4     0.00908 0.17724 0.22921 0.02915 0.00228 0.02238 0.03397
1.5     0.00802 0.15939 0.16291 0.01569 0.00719 0.03248 0.04751
1.6     0.00708 0.14283 0.11416 0.01107 0.01535 0.04281 0.05949
1.7     0.00625 0.12756 0.07874 0.01142 0.02457 0.05244 0.06963
1.8     0.00550 0.11354 0.05333 0.01446 0.03373 0.06099 0.07797
1.9     0.00484 0.10074 0.03538 0.01883 0.04226 0.06837 0.08465
2       0.00426 0.08910 0.02297 0.02371 0.04992 0.07458 0.08988
